410|413
198|226
432|48
159|20
351|365
122|235
293|91
300|406
265|490
274|95
494|445
29|331
435|288
45|487
255|324
11|382
104|271
41|464
14|369
71|342
376|408
435|194
473|268
206|282
108|194
96|11
319|267
122|498
392|291
334|188
287|23
15|419
381|346
440|482
171|405
270|321
294|222
312|297
239|267
291|330
51|177
414|192
287|484
57|496
90|290
263|433
119|275
429|322
472|281
106|229
104|484
133|398
171|292
469|409
186|146
84|111
152|411
86|290
105|387
350|164
192|298
151|473
128|82
273|477
402|273
142|286
120|48
372|352
67|282
163|81
164|232
491|25
344|289
57|291
169|71
449|273
26|46
315|308
118|467
277|440
156|302
188|490
28|479
472|196
434|94
405|49
7|180
223|361
230|454
242|489
139|224
52|162
76|455
426|200
148|301
190|491
258|119
295|366
181|117
216|357
6|471
496|223
24|464
452|486
448|143
153|378
479|482
182|325
192|67
17|172
396|368
494|337
26|399
177|135
236|164
237|163
302|194
55|301
214|291
313|123
146|235
241|111
225|186
76|28
134|235
242|393
268|289
327|224
441|143
454|227
3|104
365|262
200|147
131|227
30|124
5|97   
175|399
257|90 
467|170
274|276
306|90 
138|150
358|226
157|267
182|277
301|354
195|307
75|369
328|382
76|457
289|97
404|459
69|280
304|130
8|264
58|298
248|245
23|50
308|49
475|22
188|189
203|99
53|403
197|429
253|492
195|38
328|345
21|476
369|478
337|464
6|248
222|387
4|248
202|443
67|374
246|375
439|318
5|350
157|145
493|267
213|89
373|66
308|409
308|275
78|135
428|99
161|72
18|212
136|497
59|46
110|170
230|458
74|97
390|397
376|211
194|108
443|223
373|296
307|124
333|441
377|338
165|113
261|125
47|200
230|377
2|32
128|405
337|203
403|89
163|143
123|357
11|155
133|155
405|464
135|110
199|398
328|498
187|335
119|354
401|422
338|91
488|288
499|96
154|38
477|406
489|124
136|386
475|407
452|97
326|410
295|46
128|160
164|163
273|403
448|499
385|200
480|122
226|180
254|185
186|384
122|35
138|294
370|175
91|484
486|58
292|489
431|324
381|240
50|443
442|172
299|72
369|169
279|210
323|312
36|69
244|288
442|161
335|306
181|381
449|353
232|117
206|429
291|128
358|42
86|96
416|479
10|430
63|154
473|320
136|164
352|445
68|349
454|214
4|314
491|361
412|413
264|164
279|288
360|247
159|422
487|326
202|99
348|454
347|105
33|56
34|74
280|467
437|401
127|338
469|223
353|446
136|463
6|417
415|186
234|81
217|69
65|170
1|330
266|136
414|120
496|220
274|61
329|125
220|274
32|310
468|159
19|287
408|108
229|435
365|33
36|445
451|140
12|140
361|329
131|79
14|452
131|168
378|447
145|3
143|155
350|182
406|13
159|255
404|54
171|165
129|376
153|105
359|86
305|259
322|353
18|461
436|71
13|458
417|216
201|301
59|376
55|421
108|370
80|388
127|329
405|305
425|309
115|483
249|360
154|380
422|17
84|130
462|84
54|221
214|315
120|310
37|106
47|313
353|386
476|399
298|107
347|158
253|432
91|283
130|378
398|243
3|49
470|185
281|102
322|483
280|298
157|187
131|247
204|266
138|354
460|247
464|400
219|432
332|151
485|201
421|288
470|214
488|112
63|269
180|482
403|279
324|474
215|382
146|223
456|214
500|123
493|404
195|112
63|149
250|496
488|418
390|16
137|319
291|434
75|343
280|201
42|269
125|153
236|85
488|29
492|118
137|184
457|419
478|417
209|180
132|379
165|218
188|401
285|367
49|397
220|419
450|178
278|176
187|2
142|23
36|173
53|115
349|358
441|24
304|287
454|182
84|386
143|364
283|109
15|121
95|492
174|70
231|239
426|166
314|263
218|337
355|96
184|141
162|493
147|76
242|112
89|433
355|477
407|360
291|401
193|363
226|414
322|313
104|245
460|141
63|301
491|114
310|77
209|357
165|21
41|172
233|128
245|190
13|38
437|443
224|285
8|91
195|114
192|437
121|338
262|237
67|70
82|324
483|369
412|70
15|479
219|307
105|307
26|329
195|485
160|421
471|66
365|193
319|8
177|270
470|344
325|451
7|69
74|303
291|238
101|447
256|16
20|123
16|44
73|97
264|88
180|302
400|493
338|178
43|143
36|321
275|4
18|167
353|71
308|299
91|413
471|134
323|472
494|187
45|397
42|182
33|353
69|231
448|238
352|317
205|91
162|365
13|306
152|60
22|7
474|325
11|481
359|96
59|379
174|266
341|348
192|305
152|330
141|279
19|288
255|324
488|348
72|361
339|127
242|44
485|29
438|109
80|457
187|93
282|302
212|140
410|397
134|459
1|22
203|432
107|84
428|19
194|286
308|228
406|345
395|257
431|409
63|166
284|412
83|486
420|329
453|94
353|23
497|397
302|63
161|23
186|108
186|154
316|337
10|375
402|324
331|190
260|425
110|76
154|149
342|412
381|6
156|156
54|204
61|175
245|464
313|225
185|142
206|51
70|61
467|108
119|26
94|283
272|46
328|324
27|289
139|491
295|24
16|61
412|173
49|21
363|96
329|414
377|136
32|230
53|28
428|103
413|262
324|103
434|113
232|435
481|330
290|76
411|380
73|460
144|355
61|63
312|6
379|477
223|482
353|275
38|200
181|398
433|390
210|129
489|362
254|433
231|238
133|9
56|10
148|50
386|122
209|182
450|429
445|89
166|134
92|250
191|75
218|334
271|83
228|460
330|399
137|272
139|141
51|142
266|363
401|55
392|55
390|197
129|415
178|78
179|92
47|466
101|5
145|323
445|53
15|261
156|291
292|133
127|22
132|204
169|303
377|131
263|83
445|121
125|115
35|50
108|321
381|358
115|414
346|346
323|261
237|147
100|206
253|282
345|21
202|188
255|281
71|109
386|419
121|48
452|391
119|196
154|300
287|268
489|43
422|147
443|308
73|499
28|479
106|256
62|62
226|68
1|311
387|82
360|12
393|177
249|43
143|95
191|15
465|96
395|492
121|388
416|317
39|484
424|429
381|477
318|197
154|302
178|328
190|249
295|440
97|480
141|364
322|19
368|12
250|40
14|179
411|482
384|385
376|253
384|172
459|221
325|329
226|363
315|468
293|316
2|8
435|182
288|191
45|77
144|404
479|496
226|436
286|198
122|340
450|396
108|363
29|478
124|26
445|224
399|497
290|218
147|363
474|158
416|308
63|341
57|159
423|378
354|261
132|409
447|369
399|108
10|99
367|437
472|446
365|224
468|99
52|118
171|215
134|92
39|467
410|289
298|472
431|473
29|277
490|29
72|310
115|159
329|236
359|368
132|98
15|436
376|314
468|216
231|232
355|434
309|9
87|61
203|20
430|482
145|148
77|185
131|76
370|144
45|478
183|207
288|434
87|174
162|343
484|226
498|221
258|80
102|81
226|220
170|233
392|319
500|273
440|435
50|53
247|435
315|496
108|18
435|94
224|150
118|454
24|240
468|229
331|412
70|8
166|286
411|406
144|219
429|66
300|126
487|402
333|35
224|217
67|129
73|147
385|293
234|182
302|45
145|399
462|124
310|277
188|299
303|392
7|368
269|222
444|171
311|215
360|273
162|101
268|311
238|15
26|163
313|197
47|427
139|320
96|289
46|15
5|198
372|66
391|52
426|39
154|375
190|444
450|113
369|399
408|324
278|180
340|246
144|420
148|100
318|348
355|329
263|462
413|126
396|288
450|129
343|301
45|411
31|48
430|287
465|203
124|162
291|187
457|344
293|467
110|279
324|126
140|359
335|244
59|371
345|29
321|161
34|141
346|436
191|470
235|76
300|337
408|34
17|406
494|52
355|463
330|53
273|488
336|232
156|391
82|85
173|456
10|29
247|41
343|283
130|234
135|337
385|326
261|107
473|484
481|443
149|42
218|298
212|202
498|381
71|474
155|492
9|262
127|332
467|500
48|185
293|216
439|411
283|464
324|335
61|58
112|363
256|405
411|163
205|270
399|300
269|316
62|287
74|138
187|384
462|287
2|471
411|222
495|204
304|114
301|497
444|426
231|224
441|69
231|36
495|285
150|11
371|343
345|237
101|485
120|323
269|233
447|260
37|459
435|391
297|291
342|472
5|99
39|326
25|185
47|421
101|379
202|327
78|245
354|86
101|336
56|436
417|282
421|33
295|154
435|206
417|89
218|27
444|386
18|333
146|243
39|313
464|115
52|141
445|238
34|6
242|50
205|308
304|103
432|301
294|60
366|404
215|351
206|253
103|159
303|451
236|235
129|165
400|273
163|304
224|110
146|463
201|178
272|102
139|128
465|182
371|39
493|369
102|272
35|285
31|341
29|275
432|187
180|423
457|66
291|59
272|384
16|351
107|47
366|359
233|228
438|170
111|43
120|399
225|326
96|379
242|237
495|121
154|3
411|93
238|360